10 7
24 10
27 8
40 5
44 9
45 5
50 7
56 8
58 9
66 7
69 4
75 5
78 3
83 3
88 10
97 8
129 4
132 7
146 7
148 7
165 8
173 4
191 9
193 9
204 10
255 9
268 8
299 6
323 7
333 7
336 5
341 3
342 3
352 10
376 8
377 9
414 7
418 5
423 3
438 5
447 5
473 7
478 3
504 6
511 7
512 5
514 8
522 3
527 3
540 10
548 9
550 3
554 3
557 6
570 4
572 8
574 3
583 7
588 3
589 6
591 9
612 3
625 10
642 7
648 10
649 10
651 5
655 6
664 10
665 4
673 4
691 3
709 10
715 5
723 8
745 3
749 9
761 4
781 8
791 6
821 8
836 5
853 7
857 8
864 3
872 9
883 4
887 6
925 9
965 4
970 5
971 5
989 4
995 9
