104
4 6 16 0.083100
5 9 19 0.122100
24 8 22 0.089300
26 3 16 0.122800
28 4 23 0.119500
41 10 23 0.092200
50 9 22 0.059300
53 4 12 0.114500
59 9 16 0.087300
62 6 20 0.126600
64 3 15 0.109900
73 5 21 0.111300
80 6 24 0.040700
84 4 15 0.017900
87 3 23 0.176600
129 3 18 0.079500
130 9 21 0.084700
134 5 19 0.061100
137 3 13 0.063400
143 7 23 0.099400
169 6 15 0.122100
172 5 16 0.178400
178 4 20 0.060100
184 4 17 0.050100
193 9 23 0.038200
204 8 22 0.094400
205 4 17 0.054900
208 9 17 0.080000
229 10 19 0.157500
231 4 17 0.118000
238 7 14 0.130300
239 9 18 0.096100
258 8 19 0.072900
271 6 21 0.124700
292 8 17 0.092100
295 10 17 0.097700
304 3 17 0.155600
319 4 19 0.067400
322 7 19 0.080700
324 4 15 0.109100
331 6 20 0.119100
336 7 21 0.118400
356 4 25 0.183800
358 9 22 0.091200
371 9 20 0.060400
417 3 14 0.103300
426 10 13 0.152100
427 4 11 0.130000
433 3 24 0.066200
440 4 13 0.092700
453 5 15 0.024500
494 7 26 0.106400
502 4 13 0.061400
506 9 22 0.042500
528 3 20 0.082900
536 3 20 0.071000
540 7 15 0.082700
545 3 16 0.087100
560 9 17 0.067200
567 7 18 0.168000
570 8 19 0.086700
578 3 15 0.022600
599 5 20 0.074300
603 3 23 0.126000
609 8 16 0.076000
613 5 17 0.178600
622 10 15 0.087800
626 4 24 0.109400
646 4 20 0.079900
648 4 14 0.136100
651 6 15 0.048800
655 7 14 0.101200
660 9 22 0.065900
663 4 19 0.021800
675 9 22 0.105800
688 3 23 0.111600
690 6 23 0.032000
699 9 20 0.043000
711 8 16 0.116500
763 9 18 0.149000
765 10 23 0.118300
772 8 17 0.062000
776 10 15 0.061800
778 4 16 0.178900
789 4 25 0.063500
799 9 19 0.081300
810 6 14 0.142100
811 4 22 0.098800
815 5 27 0.089200
822 9 17 0.124700
823 7 19 0.054600
837 10 20 0.093900
844 10 14 0.088000
847 3 17 0.159200
853 8 15 0.165300
883 8 20 0.061900
885 4 18 0.067200
901 9 15 0.102100
908 5 21 0.122900
916 4 24 0.110500
932 10 20 0.163400
939 5 21 0.175700
959 9 18 0.050700
972 6 18 0.118300
